-0.158720580119873
-0.157720580119873
-0.156720580119873
-0.155720580119873
-0.154720580119873
-0.153720580119873
-0.152720580119873
-0.151720580119873
-0.150720580119873
-0.149720580119873
-0.148720580119873
-0.147720580119873
-0.146720580119873
-0.145720580119873
-0.144720580119873
-0.143720580119873
-0.142720580119873
-0.141720580119873
-0.140720580119873
-0.139720580119873
-0.138720580119873
-0.137720580119873
-0.136720580119873
-0.135720580119873
-0.134720580119873
-0.133720580119873
-0.132720580119873
-0.131720580119873
-0.130720580119873
-0.129720580119873
-0.128720580119873
-0.127720580119873
-0.126720580119873
-0.125720580119873
-0.124720580119873
-0.123720580119873
-0.122720580119873
-0.121720580119873
-0.120720580119873
-0.119720580119873
-0.118720580119873
-0.117720580119873
-0.116720580119873
-0.115720580119873
-0.114720580119873
-0.113720580119873
-0.112720580119873
-0.111720580119873
-0.110720580119873
-0.109720580119873
-0.108720580119873
-0.107720580119873
-0.106720580119873
-0.105720580119873
-0.104720580119873
-0.103720580119873
-0.102720580119873
-0.101720580119873
-0.100720580119873
-0.0997205801198729
-0.0987205801198729
-0.0977205801198729
-0.0967205801198729
-0.0957205801198729
-0.0947205801198729
-0.0937205801198729
-0.0927205801198729
-0.0917205801198729
-0.0907205801198729
-0.0897205801198729
-0.0887205801198729
-0.0877205801198729
-0.0867205801198729
-0.0857205801198729
-0.0847205801198729
-0.0837205801198729
-0.0827205801198729
-0.0817205801198729
-0.0807205801198729
-0.0797205801198729
-0.0787205801198729
-0.0777205801198729
-0.0767205801198729
-0.0757205801198729
-0.0747205801198729
-0.0737205801198729
-0.0727205801198729
-0.0717205801198729
-0.0707205801198729
-0.0697205801198729
-0.0687205801198729
-0.0677205801198729
-0.0667205801198729
-0.0657205801198729
-0.0647205801198729
-0.0637205801198729
-0.0627205801198729
-0.0617205801198729
-0.0607205801198729
-0.0597205801198729
-0.0587205801198729
-0.0577205801198729
-0.0567205801198729
-0.0557205801198729
-0.0547205801198729
-0.0537205801198729
-0.0527205801198729
-0.0517205801198729
-0.0507205801198729
-0.0497205801198729
-0.0487205801198729
-0.0477205801198729
-0.0467205801198729
-0.0457205801198729
-0.0447205801198729
-0.0437205801198729
-0.0427205801198729
-0.0417205801198729
-0.0407205801198729
-0.0397205801198729
-0.0387205801198729
-0.0377205801198729
-0.0367205801198729
-0.0357205801198729
-0.0347205801198729
-0.0337205801198729
-0.0327205801198729
-0.0317205801198729
-0.0307205801198729
-0.0297205801198729
-0.0287205801198729
-0.0277205801198729
-0.0267205801198729
-0.0257205801198729
-0.0247205801198729
-0.0237205801198729
-0.0227205801198729
-0.0217205801198729
-0.0207205801198729
-0.0197205801198729
-0.0187205801198729
-0.0177205801198729
-0.0167205801198729
-0.0157205801198729
-0.0147205801198729
-0.0137205801198729
-0.0127205801198729
-0.0117205801198729
-0.0107205801198729
-0.00972058011987291
-0.00872058011987291
-0.00772058011987291
-0.00672058011987291
-0.00572058011987291
-0.00472058011987291
-0.0037205801198729
-0.0027205801198729
-0.0017205801198729
-0.000720580119872909
0.000279419880127092
0.00127941988012709
0.00227941988012709
0.00327941988012709
0.0042794198801271
0.0052794198801271
0.00627941988012709
0.00727941988012709
0.00827941988012709
0.00927941988012709
0.0102794198801271
0.0112794198801271
0.0122794198801271
0.0132794198801271
0.0142794198801271
0.0152794198801271
0.0162794198801271
0.0172794198801271
0.0182794198801271
0.0192794198801271
0.0202794198801271
0.0212794198801271
0.0222794198801271
0.0232794198801271
0.0242794198801271
0.0252794198801271
0.0262794198801271
0.0272794198801271
0.0282794198801271
0.0292794198801271
0.0302794198801271
0.0312794198801271
0.0322794198801271
0.0332794198801271
0.0342794198801271
0.0352794198801271
0.0362794198801271
0.0372794198801271
0.0382794198801271
0.0392794198801271
0.0402794198801271
0.0412794198801271
0.0422794198801271
