-0.400564782855112
-0.399564782855112
-0.398564782855112
-0.397564782855112
-0.396564782855112
-0.395564782855112
-0.394564782855112
-0.393564782855112
-0.392564782855112
-0.391564782855112
-0.390564782855112
-0.389564782855112
-0.388564782855112
-0.387564782855112
-0.386564782855112
-0.385564782855112
-0.384564782855112
-0.383564782855112
-0.382564782855112
-0.381564782855112
-0.380564782855112
-0.379564782855112
-0.378564782855112
-0.377564782855112
-0.376564782855112
-0.375564782855112
-0.374564782855112
-0.373564782855112
-0.372564782855112
-0.371564782855112
-0.370564782855112
-0.369564782855112
-0.368564782855112
-0.367564782855112
-0.366564782855112
-0.365564782855112
-0.364564782855112
-0.363564782855112
-0.362564782855112
-0.361564782855112
-0.360564782855112
-0.359564782855112
-0.358564782855112
-0.357564782855112
-0.356564782855112
-0.355564782855112
-0.354564782855112
-0.353564782855112
-0.352564782855112
-0.351564782855112
-0.350564782855112
-0.349564782855112
-0.348564782855112
-0.347564782855112
-0.346564782855112
-0.345564782855112
-0.344564782855112
-0.343564782855112
-0.342564782855112
-0.341564782855112
-0.340564782855112
-0.339564782855112
-0.338564782855112
-0.337564782855112
-0.336564782855112
-0.335564782855112
-0.334564782855112
-0.333564782855112
-0.332564782855112
-0.331564782855112
-0.330564782855112
-0.329564782855112
-0.328564782855112
-0.327564782855112
-0.326564782855112
-0.325564782855112
-0.324564782855112
-0.323564782855112
-0.322564782855112
-0.321564782855112
-0.320564782855112
-0.319564782855112
-0.318564782855112
-0.317564782855112
-0.316564782855112
-0.315564782855112
-0.314564782855112
-0.313564782855112
-0.312564782855112
-0.311564782855112
-0.310564782855112
-0.309564782855112
-0.308564782855112
-0.307564782855112
-0.306564782855112
-0.305564782855112
-0.304564782855112
-0.303564782855112
-0.302564782855112
-0.301564782855112
-0.300564782855112
-0.299564782855112
